101
100
19012.035483324766
1889.3760821748667
1120.8290785405327
7276.354792560801
1909.3652435191125
20000
12114.86064770291
45373.56465144277
1.0522882006924057
2428.063378178962
1342.7627151127801
4144.912742259827
3097.345078163609
10000000000000
39026.17342103271
2440.367965610511
2219.6698902906287
3293.7206404938297
1855.0485637125332
2272.9705847466275
10.000000920000085
2368.4914769956517
1.0526204987315924
5380.222758720617
134.8241843442895
1.0521553402144292
2191.0531617265615
5458.381090947318
10.12499988710625
15238.032159012657
5096.5793216613365
909090909.090909
3465.955718456465
8523.977504826287
2214.932849550046
398.9890221997577
3181.585050307
2304.0832338291066
1.0521608753978484
404.9988779697739
1159.4394415885706
1910.798040405918
6080.037278198325
5140.807406694083
8295.846480533626
413.15425726781115
1968.368729554377
8630.278073781199
6324.105407386128
1.05251524831466
1323.252038421788
1000.002000004
7879.142787777336
66.66666666666667
1.0524654001999685
10952.890436537622
1713.8977223022807
3454.0859344022283
2010.4473747864915
3937.129418321767
3731.638222295512
6881.506058174671
57544.58777462941
1.0526149587111782
1111111111.1111112
1.0511875791675644
1147.1000733862738
1551.9997532418881
2
7432.49737670338
4918.668120871448
3866.7517029199284
561.5484100506555
8700.435803440385
3643.316675785087
1000000000
1.0517237752676638
18696.30534213265
3012.975717635405
1.0511875791675644
1.0525041705477758
139394.7282213918
50179.792015978615
2092.7728114398747
2070.6455449781147
7641.941525057716
22932.720209322662
623.6394384527517
1891.538747357211
10000.00001
3220.856513425829
178571.42857142858
4263.0875579613685
2887.469904851127
18083.345491138283
1000000000
1.000000001
2204.0310686986377
